[gd_scene load_steps=4 format=3 uid="uid://dcswnwd42le1n"]

[ext_resource type="ArrayMesh" uid="uid://fr6cyvc8p3yi" path="res://meshes/floor_2.res" id="1_0dsfa"]
[ext_resource type="Script" uid="uid://crad3cu42dybv" path="res://scripts/map_hex.gd" id="2_pbkr1"]
[ext_resource type="PackedScene" uid="uid://bog3fjo0nfmu0" path="res://scenes/map_elements/map_corridor.tscn" id="3_6mdiq"]

[node name="MapHex" type="Node3D"]
visible = false
script = ExtResource("2_pbkr1")

[node name="Floor" type="MeshInstance3D" parent="."]
transform = Transform3D(0.5, 0, 0, 0, 0.5, 0, 0, 0, 0.5, 0, 0, 0)
layers = 4
mesh = ExtResource("1_0dsfa")

[node name="Corridors" type="Node3D" parent="."]

[node name="MapCorridor" parent="Corridors" instance=ExtResource("3_6mdiq")]

[node name="MapCorridor2" parent="Corridors" instance=ExtResource("3_6mdiq")]
transform = Transform3D(0.5, 0, -0.866025, 0, 1, 0, 0.866025, 0, 0.5, 0, 0, 0)

[node name="MapCorridor3" parent="Corridors" instance=ExtResource("3_6mdiq")]
transform = Transform3D(-0.5, 0, -0.866025, 0, 1, 0, 0.866025, 0, -0.5, 0, 0, 0)

[node name="MapCorridor4" parent="Corridors" instance=ExtResource("3_6mdiq")]
transform = Transform3D(-1, 0, 8.74228e-08, 0, 1, 0, -8.74228e-08, 0, -1, 0, 0, 0)

[node name="MapCorridor5" parent="Corridors" instance=ExtResource("3_6mdiq")]
transform = Transform3D(-0.5, 0, 0.866025, 0, 1, 0, -0.866025, 0, -0.5, 0, 0, 0)

[node name="MapCorridor6" parent="Corridors" instance=ExtResource("3_6mdiq")]
transform = Transform3D(0.5, 0, 0.866025, 0, 1, 0, -0.866025, 0, 0.5, 0, 0, 0)
